





===== Script Results =====
Total Frames Processed: 180
Total Faces Detected: 142
Unique Authorized Faces Detected: 2
Unique Unknown Faces Detected: 23
Average Face Detection Time: 564.43 ms
Average Emotion Detection Time: 327.63 ms
Detected Emotions (Counts and Percentages):
  neutral: 13 (9.15%)
  sad: 7 (4.93%)
  angry: 2 (1.41%)
  surprise: 1 (0.70%)
  happy: 3 (2.11%)
  fear: 1 (0.70%)
Pixel Sizes: [(108, 108), (108, 107), (108, 107), (108, 107), (108, 107), (108, 107), (108, 107), (108, 107), (108, 107), (108, 107), (108, 107), (108, 107), (108, 107), (108, 107), (108, 107), (108, 107), (108, 107), (108, 107), (108, 107), (108, 107), (89, 90), (108, 107), (108, 107), (108, 107), (108, 107), (108, 107), (108, 107), (89, 90), (108, 107), (89, 90), (108, 107), (108, 107), (89, 90), (89, 90), (108, 107), (89, 90), (89, 90), (75, 75), (89, 90), (75, 75), (89, 90), (75, 75), (74, 74), (89, 90), (74, 75), (74, 75), (75, 75), (75, 75), (75, 75), (75, 75), (74, 75), (74, 75), (75, 74), (89, 90), (89, 90), (75, 74), (75, 74), (75, 75), (75, 75), (75, 74), (75, 75), (75, 75), (75, 75), (89, 90), (90, 90), (90, 90), (36, 36), (90, 90), (107, 104), (36, 36), (107, 104), (90, 89), (36, 36), (90, 89), (36, 36), (36, 36), (90, 76), (36, 36), (90, 76), (36, 36), (90, 76), (36, 36), (90, 76), (90, 76), (36, 36), (90, 76), (89, 89), (107, 108), (107, 108), (89, 90), (89, 90), (89, 90), (89, 90), (89, 90), (89, 90), (89, 90), (89, 90), (89, 90), (108, 108), (89, 90), (89, 90), (89, 90), (107, 108), (103, 104), (103, 104), (103, 92), (90, 76), (89, 90), (89, 90), (89, 90), (89, 90), (89, 90), (89, 90), (89, 90), (89, 90), (89, 90), (89, 90), (89, 90), (75, 75), (75, 75), (89, 90), (90, 86), (90, 86), (107, 92), (90, 86), (107, 92), (36, 36), (90, 86), (36, 36), (90, 86), (90, 86), (36, 36), (107, 104), (107, 104), (89, 89), (90, 89), (90, 90), (90, 90), (89, 90), (89, 90), (89, 90), (89, 90)]
Average Movement Between Frames: 28.84 pixels
